T(i,j):
global alignment

database sequence:	  1	  2	  3	  4	  5	  6	  7	  8	  9	 10	
query sequence:
	1			472	-58	197	-12	-29	-37	-53	-41	-43	-60	
	2			-58	490	-57	-35	-68	-35	-24	-60	-29	-62	
	3			197	-57	481	21	-51	-66	-82	-47	-65	-55	
	4			-12	-35	21	478	-63	-54	-58	-54	-18	-65	
	5			-29	-68	-51	-63	495	-56	-48	-77	-26	-40	
	6			-37	-35	-66	-54	-56	473	57	-21	51	-52	
	7			-53	-24	-82	-58	-48	57	485	-16	254	-40	
	8			-41	-60	-47	-54	-77	-21	-16	455	-42	51	
	9			-43	-29	-65	-18	-26	51	254	-42	463	-5	
	10			-60	-62	-55	-65	-40	-52	-40	51	-5	455	


z_score matrix:
global alignment

database sequence:	  1      2      3      4      5      6      7      8      9      10      
query sequence:
	1			26.53  -0.25  13.38  00.99  00.92  00.36  00.05  00.59  00.20  -0.74  
	2			00.03  22.94  00.35  01.48  -1.14  00.56  00.99  -0.76  00.27  -1.38  
	3			13.92  00.31  25.23  03.42  -0.28  -1.15  -1.66  00.54  -1.08  -0.22  
	4			00.97  01.82  03.35  31.47  -1.12  -0.33  00.11  -0.43  01.49  -0.75  
	5			00.90  -1.15  00.03  -1.02  24.86  -0.57  00.32  -1.73  01.17  00.20  
	6			00.29  00.12  -1.12  -0.25  -0.77  27.24  05.51  01.31  05.51  -1.30  
	7			-0.12  01.00  -1.48  -0.17  00.07  06.30  33.20  01.91  19.37  -0.20  
	8			00.16  -0.63  00.12  -0.37  -1.91  01.10  01.95  27.84  -0.33  05.51  
	9			00.07  00.44  -1.19  01.71  01.32  05.32  19.09  -0.21  32.14  01.93  
	10			-0.92  -1.26  -0.23  -0.84  00.36  -0.79  00.06  05.36  01.74  24.47  
