T(i,j):
global alignment

database sequence:	  1	  2	  3	  4	  5	  6	  7	  8	  9	 10	
query sequence:
	1			472	-58	197	-12	-29	-37	-53	-41	-43	-60	
	2			-58	490	-57	-35	-68	-35	-24	-60	-29	-62	
	3			197	-57	481	21	-51	-66	-82	-47	-65	-55	
	4			-12	-35	21	478	-63	-54	-58	-54	-18	-65	
	5			-29	-68	-51	-63	495	-56	-48	-77	-26	-40	
	6			-37	-35	-66	-54	-56	473	57	-21	51	-52	
	7			-53	-24	-82	-58	-48	57	485	-16	254	-40	
	8			-41	-60	-47	-54	-77	-21	-16	455	-42	51	
	9			-43	-29	-65	-18	-26	51	254	-42	463	-5	
	10			-60	-62	-55	-65	-40	-52	-40	51	-5	455	


z_score matrix:
global alignment

database sequence:	  1       2       3       4       5       6       7       8       9       10       
query sequence:
	1			25.73  -0.04  16.62  01.13  01.13  00.50  00.29  00.50  00.20  -1.00  
	2			-0.12  28.99  -0.02  01.66  -1.07  00.29  01.10  -0.59  00.78  -1.33  
	3			12.71  00.21  28.36  03.19  -0.06  -1.36  -1.35  00.12  -0.80  -0.23  
	4			01.02  01.32  03.69  28.97  -1.07  -0.29  00.13  -0.18  01.83  -0.68  
	5			00.87  -1.03  -0.20  -0.97  24.76  -0.56  00.34  -1.62  01.05  00.43  
	6			00.53  00.15  -1.13  -0.38  -0.67  25.52  06.07  01.24  05.00  -0.94  
	7			-0.05  00.80  -1.53  -0.13  00.12  05.94  27.00  01.83  17.22  00.09  
	8			00.16  -0.87  00.15  -0.53  -1.58  01.33  01.69  25.40  -0.36  04.93  
	9			00.12  00.57  -1.05  01.37  00.82  05.14  18.87  -0.27  25.38  01.86  
	10			-1.00  -1.68  -0.27  -0.75  00.46  -0.79  00.05  05.23  01.84  26.43  
